1.24348708370407e-09
1.303811849891447e-06
3.5026508333935258e-06
7.69221689574593e-06
1.5008853868562908e-05
2.2955744625467958e-05
3.365795421300546e-05
5.815711692369403e-05
0.00010488847777232691
0.00018181399130657902
0.0002279759536476237
0.00017657564367437644
0.0001866264287270377
0.00019268774192724724
0.0002014483635402182
0.00019208087873811408
0.0001723683517652475
0.0001719175450639107
0.00019104524676101948
0.0002373906031604673
0.0002775861871878074
0.0002771155487723816
0.0002211496045457279
0.00019838756425566212
0.0002236555513720632
0.0002629899137159039
0.00031572700209340755
0.0003714942418859051
0.0004251652983499696
0.00047238894134751666
0.0005103323761666625
0.0005367151098580765
0.0005529013167228897
0.0006290058401673172
0.0007480357121823091
0.0008073855835275854
0.000800790725039593
0.0007960922735082944
0.0008254194721942315
0.0008540795431772578
0.0008874479562717752
0.0009247735628802272
0.0009556713518480997
0.0009574170995167103
0.0009133965553534568
0.0008498182723220926
0.0009320754218297684
0.000996139673156309
0.0010414210816747295
0.0010690644811129297
0.0010799462812369736
0.0010721321324690034
0.0010466710594718063
0.0010051160934565284
0.0010000382167373778
0.0010014199197664127
0.001036607300802283
0.0011007161237952172
0.0011420676387755887
0.0011634084905873783
0.0011690666950446946
0.0011658414732904597
0.001160378286675746
0.0011586618028978134
0.0011664940614223675
0.001186507216450125
0.0012198732710533323
0.001265886371089341
0.0013221256541134285
0.0013852590909467248
0.0014518753655634181
0.0015182761402951666
0.0015801992304731315
0.0016332794928357699
0.0016734319003945837
0.0017125843723400313
0.0017823860708706897
0.0018398948256805963
0.0018845983334170007
0.0019172686316382315
0.0019363880034239242
0.0019408956113977094
0.0019299238789824886
0.001958133081276428
0.002192444381318287
0.0024354742931838123
0.002652374642007372
0.002831444849875779
0.0029633569125514492
0.0030470213786231385
0.0033023552583440305
0.003603843772035269
0.0038425101171090134
0.00401539830591962
0.004132617082395374
0.00420663077007053
0.004248605028351382
0.004264462609924974
0.004256681043598211
0.00393400754859957
0.00344898159849328
0.0033369826154126046
0.0031686272029222726
0.0029738945463513604
0.0029761563514360454
0.002949516428516928
0.002978757319233426
0.002915663072607892
0.002695759279594848
0.0024670244066334023
0.0024346646463075587
0.0026311317646622056
0.0029862114711020913
0.003070827806995894
0.0032105571050299385
0.0033694695396491443
0.003925547135669025
0.004155038498610552
0.004309101753437151
0.004846758509957406
0.005389605219210176
0.005834974425548032
0.006704988752284354
0.006660827946591883
0.006447696505088072
0.00617524624285723
0.006593481179252885
0.015513104220222477
0.017707637660884228
0.015549578364387476
0.016569523509048237
0.020795917210974648
0.022017169347850616
0.019606804860817135
