0.0004909090237609384
0.12868107171881082
0.15364345813662247
0.18979784432096988
0.23701032031436078
0.2517379090953355
0.27117607594476967
0.3587423357154743
0.5112137194297882
0.717772867511614
0.743812388582853
0.4840921527593922
0.4359595319109965
0.388112609339006
0.35346056095800643
0.29621285721231283
0.23546123781187614
0.20947631597373464
0.20892421143930862
0.23429513417298048
0.24849576913835802
0.22603478014662726
0.16504038641388938
0.13597269286799168
0.14127307610558604
0.15358617809778674
0.1709794573061094
0.18706638799471853
0.19958208322403467
0.20721297664663973
0.20964739503987026
0.20692053946821995
0.20043773255817568
0.2148110314334347
0.24107156104902946
0.24594371322715902
0.2309273240088329
0.21764863729337108
0.21424230520744353
0.21073568045556632
0.20841785258673806
0.20696483506153682
0.20404755392525734
0.19523404998075067
0.17807136123765605
0.1585514208059788
0.16657701558059396
0.1706858420535281
0.17123555337083132
0.1688198961254477
0.1639160718221687
0.1565313611414999
0.14710187675408756
0.13607816487769953
0.1305121531923144
0.12606656182991247
0.1259575743699547
0.1291751807343554
0.12952319211722244
0.12758201732184354
0.1240336017047042
0.11973354979979212
0.11541924560446933
0.11167513309818738
0.10899725370375193
0.1075331207107478
0.10728150238145902
0.10807783476974389
0.10963123020063885
0.11160783037270885
0.11370311841140987
0.1156233400951091
0.1170646746457169
0.1177488858341922
0.11744789937107707
0.11705353364601126
0.1186806909057563
0.11938878414910419
0.11921320304937093
0.11826676828054537
0.11651506514744334
0.1139552163492317
0.11059709803903621
0.10955781676238374
0.11979824894119086
0.13000090753243346
0.13834265260982304
0.14434525078396584
0.14769428317695418
0.14850812646257922
0.15743480252004746
0.1680931585695546
0.17539162799421668
0.1794042226900454
0.18077471798083744
0.18019870469638027
0.1782635811937812
0.1752959556151459
0.17145906728672805
0.14086929057805742
0.11252920318600157
0.0996134542379884
0.08686971385381419
0.07513897651979524
0.06952304337151059
0.06389149042299264
0.05999827826057825
0.054747093638058617
0.04729969360029649
0.04053869709270156
0.037545588919333954
0.03815350544625321
0.04079270017684804
0.0395857706304186
0.03911966485648415
0.03886671310195203
0.04292919366967612
0.04313855227096109
0.03857517426799562
0.03953354472801066
0.04022175530559616
0.03999228421571714
0.042352375359232176
0.03889925255419066
0.03491698974129256
0.031095529334854186
0.03095127270642287
0.059807891283775644
0.06047314138088533
0.0473667244013094
0.04530045488887978
0.04054271131459266
0.034768120239212184
0.025588285295288726
