7.813059773997005e-07
0.0004096045729282288
0.0007335934750852845
0.001208290604474735
0.0018860682020911989
0.0024039199557684505
0.003021130905441131
0.004567649282035994
0.0073225971381279675
0.011423709988171745
0.013021956021354579
0.0092454790828385
0.009020064883916318
0.008647805635363512
0.008438249319675139
0.007542998469234139
0.0063707193837303855
0.006001054406621934
0.006317750986607032
0.007457845749201739
0.00830535929911635
0.007914401565625617
0.006041408460740406
0.005193774286909676
0.005621077097000386
0.006355439853062287
0.007347300965307987
0.008336311293997636
0.009211697778328117
0.009893690851829454
0.010343589960349741
0.010538376538754826
0.010527216453192446
0.011624000744321877
0.013428705702941433
0.014091536765692055
0.013598693291066105
0.013163145463332917
0.013298111538335189
0.013415850092135
0.013599999901788706
0.013834580149421809
0.013964326038196355
0.013671884210286114
0.012753421813833968
0.011607751483536766
0.012460431054519182
0.013039437829738322
0.013353962528501495
0.013434260480312656
0.013304907072179187
0.012954624734777615
0.01240835513645914
0.011695056797066302
0.01142440987276794
0.01123590522534515
0.01142665923108069
0.011924143752423748
0.012162411199593326
0.012183185223844328
0.012041742100684956
0.011814835508837449
0.01157281238350995
0.011375135649933985
0.011275843611755787
0.011295522286760567
0.011439835542243877
0.011696762716746224
0.012039363020537236
0.012434056524104871
0.012848453471498673
0.013249458801311004
0.013600937790856532
0.013867834745815455
0.014019310305499815
0.014158532849463498
0.014544236327553597
0.014821025814707778
0.014988962732228904
0.015058192620282058
0.015020598335940757
0.014871959497931008
0.014609722120961212
0.014646801197355166
0.01620651096883235
0.017793646854588507
0.019155587792869463
0.02021646895321455
0.020920584958283514
0.021272222174252214
0.022801439602543362
0.024612628519372452
0.025960433452159423
0.026839884721519106
0.02733263045505893
0.027532334007538233
0.027520384216646095
0.0273412334833646
0.02701567251564257
0.023541046121613715
0.01970053682216885
0.01823206968649929
0.01659089323777564
0.014948424414989092
0.014384416814778585
0.013727672805142492
0.013368631587043649
0.012634242329997235
0.011291970064828913
0.010000497744653178
0.009560905708493269
0.010019326330290339
0.011037011787858701
0.011025474375882917
0.01120695846121396
0.01144378459703387
0.012981547413408694
0.013388141971915558
0.012892802297303857
0.01384230993509636
0.01472342970645208
0.015275927324321682
0.016851474725262973
0.01609662164910665
0.015004471091082421
0.013857220164763028
0.014285539334016155
0.030459908907889844
0.03272363787521402
0.0271391339755436
0.027397207015531208
0.02903657810429311
0.02766759099041995
0.02239876149494973
