 
 SAP2000 v21.0.2 File: 1  N, m, C Units  PAGE 1
 m/d/yy h:mm:ss
 
 Computers and Structures, Inc.
 
 
 T I M E   H I S T O R Y   D A T A 
 
 CASE  ELCENTRO-P
 FUNCTION  Joint1:  Joint 1  Displacement  UX    
 FUNCTION  Link4-1:  Link 4 at End-I  Shear 2-2    
 
       TIME    FUNCTION    FUNCTION
                 Joint1     Link4-1
         0.          0.          0.
       0.02   2.668E-06     0.06633
       0.04   1.136E-05     0.28235
       0.06   2.715E-05     0.67509
       0.08   5.520E-05     1.37229
        0.1   1.049E-04     2.60705
       0.12   1.799E-04     4.47316
       0.14   2.732E-04     6.79195
       0.16   3.720E-04     9.24977
       0.18   4.706E-04    11.69909
        0.2   5.761E-04    14.32218
       0.22   7.024E-04    17.46291
       0.24   8.549E-04    21.25331
       0.26     0.00102    25.40887
       0.28     0.00119     29.6145
        0.3     0.00136    33.81157
       0.32     0.00153    37.92555
       0.34     0.00169    41.90083
       0.36     0.00185    45.91033
       0.38     0.00202    50.23909
        0.4     0.00222    55.16797
       0.42     0.00243    60.52024
       0.44     0.00262    65.21481
       0.46     0.00275    68.36392
       0.48     0.00283    70.36026
        0.5      0.0029    71.99603
       0.52     0.00297    73.77145
       0.54     0.00307    76.31503
       0.56     0.00324    80.43003
       0.58     0.00348    86.43285
        0.6     0.00377    93.68529
       0.62     0.00408   101.33626
       0.64     0.00439    109.0575
       0.66      0.0047    116.7822
       0.68       0.005    124.1999
        0.7     0.00525   130.51572
       0.72     0.00542   134.70428
       0.74     0.00547   135.99179
       0.76     0.00538   133.68012
       0.78     0.00511   127.16086
        0.8      0.0047   116.74294
       0.82     0.00415   103.21324
       0.84      0.0035    86.99106
       0.86     0.00275    68.31873
       0.88     0.00191    47.45143
        0.9   9.807E-04    24.38289
       0.92  -5.732E-05    -1.42498
       0.94    -0.00124   -30.76184
       0.96    -0.00259   -64.38955
       0.98    -0.00412  -102.55142
         1.    -0.00581  -144.48917
       1.02     -0.0076  -188.94344
       1.04    -0.00945   -234.9025
       1.06    -0.01134  -281.85639
       1.08    -0.01324  -329.19406
        1.1    -0.01511  -375.60599
       1.12    -0.01687   -419.4512
       1.14    -0.01847  -459.12331
       1.16    -0.01983  -493.06054
       1.18    -0.02091  -519.75524
        1.2    -0.02163  -537.76291
       1.22      -0.022  -546.84568
       1.24    -0.02209  -549.09787
       1.26    -0.02203  -547.77707
       1.28    -0.02197  -546.13842
        1.3    -0.02202   -547.4135
       1.32    -0.02231  -554.78966
       1.34    -0.02292  -569.81566
       1.36    -0.02376  -590.83157
       1.38    -0.02475  -615.41706
        1.4    -0.02586  -642.82335
       1.42    -0.02707  -673.12795
       1.44    -0.02841  -706.30985
       1.46    -0.02985  -742.16866
       1.48    -0.03139  -780.49463
        1.5    -0.03303   -821.2372
       1.52    -0.03479  -864.92863
       1.54    -0.03667       -900.
       1.56    -0.03856       -900.
       1.58    -0.04032       -900.
        1.6    -0.04179       -900.
       1.62    -0.04281       -900.
       1.64    -0.04323       -900.
       1.66    -0.04292  -892.19736
       1.68    -0.04178  -863.75809
        1.7    -0.03982  -815.18753
       1.72    -0.03714  -748.40849
       1.74     -0.0338  -665.44041
       1.76     -0.0299  -568.38443
       1.78    -0.02549  -458.78204
        1.8    -0.02059  -336.98219
       1.82    -0.01523  -203.88461
       1.84    -0.00955   -62.66499
       1.86    -0.00372     82.3763
       1.88      0.0021   226.96242
        1.9     0.00772   366.86763
       1.92     0.01299   497.94449
       1.94     0.01775   616.21136
       1.96     0.02184   717.94396
       1.98     0.02513   799.62484
         2.     0.02747   857.85991
       2.02     0.02874   889.36825
       2.04     0.02889   893.07629
       2.06     0.02805   872.20539
       2.08     0.02644   832.17357
        2.1     0.02428   778.48012
       2.12     0.02179   716.66929
       2.14      0.0192   652.29347
       2.16     0.01673   590.87652
       2.18      0.0146   537.87791
        2.2     0.01302   498.65759
       2.22     0.01211   475.98213
       2.24     0.01177   467.56901
       2.26     0.01181   468.60438
       2.28     0.01204   474.25537
        2.3     0.01226    479.7003
       2.32     0.01228    480.1584
       2.34     0.01191   470.91911
       2.36     0.01096   447.37047
       2.38     0.00926    405.0266
        2.4     0.00689   346.14375
       2.42     0.00448   286.23543
       2.44     0.00265    240.6649
       2.46     0.00147   211.35631
       2.48   7.495E-04   193.50259
        2.5   2.972E-04   182.25741
       2.52  -8.455E-05     172.766
       2.54  -4.945E-04   162.57366
       2.56  -8.394E-04   153.99779
       2.58  -9.321E-04   151.69392
        2.6  -5.888E-04   160.22841
       2.62   3.094E-04   182.56122
       2.64     0.00176   218.55173
       2.66     0.00367   266.20013
       2.68     0.00595   322.89053
        2.7     0.00848   385.69056
       2.72     0.01113   451.65022
       2.74     0.01379   517.82174
       2.76     0.01635   581.27916
       2.78     0.01872   640.20833
        2.8     0.02092    694.9801
       2.82     0.02301   747.05912
       2.84     0.02506    797.8244
       2.86     0.02709    848.4711
       2.88     0.02917        900.
        2.9     0.03128        900.
       2.92     0.03334        900.
       2.94     0.03519        900.
       2.96      0.0367        900.
       2.98      0.0378        900.
         3.     0.03856        900.
       3.02     0.03908        900.
       3.04     0.03946        900.
       3.06     0.03961        900.
       3.08     0.03944   895.68397
        3.1     0.03882   880.26824
       3.12     0.03764   851.00177
       3.14     0.03586   806.72782
       3.16     0.03356   749.35163
       3.18     0.03086    682.3262
        3.2     0.02792   609.14118
       3.22     0.02478   531.28172
       3.24     0.02136   446.21814
       3.26     0.01747   349.47409
       3.28     0.01305   239.43353
        3.3     0.00824   120.06933
       3.32     0.00334    -1.87644
       3.34     -0.0014  -119.70507
       3.36    -0.00571  -226.80428
       3.38    -0.00943  -319.46065
        3.4    -0.01266  -399.62914
       3.42    -0.01557  -472.10151
       3.44    -0.01837   -541.6812
       3.46    -0.02115  -610.62715
       3.48    -0.02378  -676.13586
        3.5    -0.02607  -732.92979
       3.52    -0.02779  -775.83918
       3.54    -0.02885  -802.14579
       3.56    -0.02932  -813.90166
       3.58    -0.02939  -815.56706
        3.6    -0.02917  -810.19362
       3.62    -0.02868  -797.97554
       3.64    -0.02787  -777.71703
       3.66    -0.02668  -748.28893
       3.68    -0.02514  -709.79912
        3.7    -0.02332  -664.74424
       3.72    -0.02139  -616.80814
       3.74    -0.01944  -568.29253
       3.76    -0.01745  -518.74294
       3.78    -0.01535  -466.62913
        3.8    -0.01312  -411.01769
       3.82    -0.01072  -351.28899
       3.84    -0.00817  -288.09917
       3.86    -0.00562  -224.60889
       3.88    -0.00323  -165.19635
        3.9    -0.00118  -114.17396
       3.92   4.374E-04   -74.01817
       3.94     0.00166    -43.6262
       3.96     0.00261   -20.09732
       3.98     0.00339    -0.50983
         4.     0.00414    18.06072
       4.02     0.00491    37.16865
       4.04     0.00565    55.64581
       4.06     0.00631    71.97126
       4.08      0.0069    86.62276
        4.1     0.00748   101.07207
       4.12     0.00807   115.74603
       4.14      0.0086   128.99639
       4.16     0.00897   138.16487
       4.18     0.00907   140.64508
        4.2      0.0088   133.89824
       4.22     0.00806   115.46834
       4.24     0.00675    82.99639
       4.26     0.00485    35.73808
       4.28     0.00245   -23.94222
        4.3  -2.906E-04   -92.11856
       4.32    -0.00322  -164.84702
       4.34    -0.00617  -238.19171
       4.36    -0.00898   -308.2503
       4.38    -0.01152  -371.17921
        4.4    -0.01361  -423.21844
       4.42    -0.01519  -462.47136
       4.44    -0.01632  -490.65682
       4.46    -0.01715  -511.31081
       4.48    -0.01775  -526.12904
        4.5    -0.01803  -533.10924
       4.52    -0.01784  -528.45926
       4.54    -0.01704  -508.49956
       4.56    -0.01548   -469.6852
       4.58    -0.01313  -411.27657
        4.6    -0.01018  -337.96851
       4.62    -0.00693  -257.16243
       4.64    -0.00367   -176.2454
       4.66  -7.099E-04  -102.54308
       4.68     0.00184   -39.16847
        4.7     0.00418    19.06656
       4.72     0.00656    78.14861
       4.74     0.00894   137.42057
       4.76     0.01117   192.93743
       4.78      0.0131   240.81369
        4.8     0.01457    277.2479
       4.82     0.01542   298.54629
       4.84     0.01553    301.1454
       4.86     0.01486   284.57335
       4.88     0.01365   254.36549
        4.9     0.01222   219.03708
       4.92     0.01094   187.06316
       4.94     0.01001   164.09343
       4.96     0.00946   150.20958
       4.98     0.00915   142.70523
         5.       0.009   138.85883
       5.02     0.00896   137.74689
       5.04     0.00913   142.03051
       5.06     0.00969    156.1115
       5.08     0.01075   182.48005
        5.1     0.01226   219.90282
       5.12     0.01408   265.27667
       5.14      0.0161   315.47851
       5.16     0.01819   367.38586
       5.18     0.02028    419.1981
        5.2     0.02239   471.73812
       5.22     0.02462   527.12334
       5.24       0.027   586.26228
       5.26     0.02947   647.68183
       5.28     0.03192   708.73561
        5.3     0.03426   766.80915
       5.32     0.03637   819.34098
       5.34     0.03823   865.59482
       5.36     0.03995        900.
       5.38     0.04172        900.
        5.4     0.04363        900.
       5.42     0.04556        900.
       5.44     0.04733        900.
       5.46     0.04873        900.
       5.48     0.04963        900.
        5.5     0.05006        900.
       5.52      0.0501        900.
       5.54     0.04985     893.743
       5.56     0.04935   881.36586
       5.58     0.04856    861.7022
        5.6     0.04738     832.472
       5.62     0.04573   791.47779
       5.64     0.04353   736.61701
       5.66     0.04068   665.89362
       5.68     0.03719    578.9495
        5.7     0.03315   478.57224
       5.72     0.02875    369.1279
       5.74     0.02416   254.99744
       5.76      0.0195    139.3667
       5.78     0.01483     23.0345
        5.8      0.0101   -94.39158
       5.82     0.00534  -212.80471
       5.84   5.807E-04  -331.10734
       5.86    -0.00412  -447.88435
       5.88    -0.00871  -562.07189
        5.9    -0.01313   -671.8894
       5.92    -0.01727  -774.87168
       5.94    -0.02108  -869.68326
       5.96    -0.02455       -900.
       5.98    -0.02767       -900.
         6.    -0.03049       -900.
       6.02    -0.03308       -900.
       6.04    -0.03551       -900.
       6.06    -0.03781       -900.
       6.08     -0.0399       -900.
        6.1    -0.04167       -900.
       6.12    -0.04307       -900.
       6.14    -0.04412       -900.
       6.16    -0.04493       -900.
       6.18    -0.04554       -900.
        6.2    -0.04592       -900.
       6.22    -0.04601       -900.
       6.24    -0.04585  -895.95976
       6.26    -0.04549  -886.90182
       6.28    -0.04498  -874.22871
        6.3    -0.04438  -859.35403
       6.32    -0.04371  -842.69634
       6.34     -0.0429   -822.6878
       6.36     -0.0419  -797.79211
       6.38    -0.04072  -768.50466
        6.4    -0.03941  -735.87681
       6.42    -0.03797  -700.04952
       6.44     -0.0364  -660.92455
       6.46     -0.0347  -618.83119
       6.48    -0.03291  -574.31258
        6.5    -0.03105  -527.98535
       6.52    -0.02914  -480.60685
       6.54    -0.02721  -432.61177
       6.56    -0.02524  -383.65532
       6.58    -0.02321   -333.0063
        6.6    -0.02107  -279.93891
       6.62    -0.01884  -224.34361
       6.64    -0.01654  -167.32864
       6.66    -0.01426   -110.5956
       6.68    -0.01206   -55.81679
        6.7    -0.00996     -3.5966
       6.72    -0.00793     46.8055
       6.74    -0.00596     95.6845
       6.76    -0.00408   142.60896
       6.78    -0.00228   187.27393
        6.8  -5.774E-04   229.59986
       6.82     0.00102   269.26143
       6.84     0.00246   305.22191
       6.86     0.00371   336.11581
       6.88     0.00469   360.63025
        6.9     0.00537   377.51184
       6.92      0.0057   385.57293
       6.94     0.00566   384.62635
       6.96     0.00533   376.40592
       6.98     0.00481   363.60833
         7.     0.00422   348.93724
       7.02     0.00363   334.11341
       7.04     0.00301   318.89941
       7.06     0.00234   302.08848
       7.08     0.00159   283.58995
        7.1   8.673E-04   265.51741
       7.12   2.409E-04   249.94401
       7.14  -2.927E-04   236.67795
       7.16  -7.868E-04   224.39477
       7.18    -0.00129   211.76666
        7.2    -0.00187   197.47017
       7.22    -0.00253   181.02834
       7.24    -0.00323   163.64041
       7.26    -0.00389   147.32415
       7.28    -0.00445   133.34783
        7.3    -0.00491   121.82324
       7.32    -0.00528   112.73527
       7.34    -0.00555   106.06137
       7.36    -0.00574   101.17707
       7.38     -0.0059    97.15161
        7.4    -0.00607    93.04345
       7.42    -0.00626    88.36986
       7.44    -0.00645    83.56938
       7.46    -0.00661    79.52816
       7.48    -0.00674    76.30188
        7.5     -0.0069    72.31743
       7.52    -0.00715    66.08196
       7.54    -0.00748    57.87655
       7.56    -0.00785    48.86085
       7.58     -0.0082    40.18042
        7.6     -0.0085    32.56656
       7.62    -0.00877    25.94256
       7.64    -0.00901    19.82591
       7.66    -0.00926    13.72921
       7.68    -0.00953     6.99119
        7.7    -0.00987    -1.38938
       7.72    -0.01032   -12.57027
       7.74    -0.01091   -27.20182
       7.76    -0.01162    -44.9451
       7.78    -0.01246   -65.86602
        7.8    -0.01347    -90.8841
       7.82    -0.01464  -119.92487
       7.84    -0.01592   -151.9558
       7.86    -0.01729  -185.93119
       7.88    -0.01869  -220.79838
        7.9    -0.02009  -255.50346
       7.92    -0.02144  -288.99748
       7.94    -0.02269   -320.2426
       7.96    -0.02382  -348.21779
       7.98     -0.0248  -372.63631
         8.    -0.02569  -394.65205
       8.02    -0.02655  -416.12747
       8.04    -0.02743  -437.99612
       8.06    -0.02829  -459.35707
       8.08    -0.02905  -478.40373
        8.1    -0.02966  -493.35028
       8.12    -0.03005  -503.08727
       8.14    -0.03024  -507.82718
       8.16    -0.03026  -508.44662
       8.18    -0.03015  -505.65105
        8.2    -0.02992  -499.79255
       8.22    -0.02956  -491.04978
       8.24     -0.0291   -479.5449
       8.26    -0.02853  -465.28073
       8.28    -0.02784  -448.20428
        8.3    -0.02706  -428.72292
       8.32    -0.02623  -408.15036
       8.34    -0.02543  -388.23827
       8.36     -0.0247  -370.24936
       8.38    -0.02407  -354.55483
        8.4    -0.02353  -341.16054
       8.42    -0.02309  -329.98206
       8.44    -0.02271  -320.65856
       8.46    -0.02239  -312.68599
       8.48     -0.0221  -305.54997
        8.5    -0.02184  -298.96312
       8.52     -0.0216  -293.09863
       8.54    -0.02138  -287.56574
       8.56    -0.02109  -280.39772
       8.58    -0.02063  -268.86615
        8.6    -0.01988  -250.29291
       8.62    -0.01874  -222.06744
       8.64    -0.01717  -182.89669
       8.66     -0.0152  -134.03572
       8.68    -0.01295   -78.02477
        8.7    -0.01051   -17.42881
       8.72      -0.008    45.17868
       8.74    -0.00548    107.7872
       8.76    -0.00299   169.51209
       8.78  -5.599E-04   230.03449
        8.8     0.00177   287.92825
       8.82     0.00385   339.56447
       8.84     0.00548   380.26782
       8.86     0.00659   407.73741
       8.88     0.00725   424.30916
        8.9     0.00767    434.6316
       8.92     0.00802   443.34679
       8.94     0.00849   455.06039
       8.96     0.00919   472.32834
       8.98     0.01004    493.6742
         9.     0.01098   517.05029
       9.02     0.01204   543.27229
       9.04     0.01317   571.46545
       9.06      0.0141   594.56128
       9.08     0.01455   605.62418
        9.1     0.01449   604.12199
       9.12     0.01403   592.73687
       9.14     0.01328   574.18304
       9.16     0.01233   550.49304
       9.18      0.0112   522.31464
        9.2     0.00991   490.30818
       9.22     0.00855   456.53165
       9.24     0.00723   423.72238
       9.26     0.00606   394.58054
       9.28     0.00514   371.75265
        9.3      0.0045   355.83107
       9.32       0.004    343.3836
       9.34     0.00342   328.99547
       9.36     0.00255   307.30665
       9.38      0.0013   276.26819
        9.4  -1.451E-04   240.34911
       9.42    -0.00157   204.88367
       9.44    -0.00296   170.46229
       9.46    -0.00437   135.31514
       9.48    -0.00588    97.68966
        9.5    -0.00757    55.86211
       9.52    -0.00944     9.25707
       9.54    -0.01144   -40.45074
       9.56    -0.01345   -90.47457
       9.58    -0.01537  -138.05069
        9.6    -0.01707  -180.45528
       9.62    -0.01851  -216.27673
       9.64    -0.01973  -246.66847
       9.66    -0.02084   -274.0629
       9.68    -0.02191  -300.88852
        9.7    -0.02307  -329.55411
       9.72    -0.02435  -361.46328
       9.74    -0.02574   -396.0443
       9.76    -0.02718  -431.74053
       9.78     -0.0286  -466.99842
        9.8    -0.02993  -500.27706
       9.82    -0.03115  -530.61185
       9.84    -0.03223  -557.36401
       9.86     -0.0331  -578.86121
       9.88    -0.03372  -594.44693
        9.9    -0.03423  -607.05979
       9.92    -0.03474  -619.73905
       9.94    -0.03524  -632.15989
       9.96    -0.03565  -642.33094
       9.98    -0.03591  -648.85807
        10.      -0.036  -651.02845
      10.02    -0.03587  -647.74866
      10.04    -0.03549   -638.4054
      10.06    -0.03492  -624.28627
      10.08    -0.03425  -607.62352
       10.1    -0.03357  -590.64038
      10.12    -0.03296  -575.53728
      10.14    -0.03252  -564.47831
      10.16    -0.03227  -558.38492
      10.18    -0.03217   -555.7481
       10.2    -0.03209  -553.85269
      10.22    -0.03193  -549.99847
      10.24    -0.03159  -541.51751
      10.26      -0.031  -526.84934
      10.28    -0.03019  -506.59921
       10.3    -0.02918  -481.59686
      10.32    -0.02795  -450.97097
      10.34    -0.02643  -413.03087
      10.36    -0.02454  -366.14533
      10.38    -0.02229    -310.285
       10.4    -0.01981  -248.54095
      10.42    -0.01728  -185.54555
      10.44    -0.01482  -124.43512
      10.46    -0.01244   -65.38041
      10.48     -0.0101    -7.07413
       10.5    -0.00773    51.78492
      10.52    -0.00531   112.05213
      10.54    -0.00283   173.70393
      10.56  -3.089E-04   236.27667
      10.58     0.00224   299.62371
       10.6     0.00484   364.23226
      10.62     0.00752   430.89577
      10.64     0.01031   500.38733
      10.66     0.01322   572.53047
      10.68     0.01614   645.28421
       10.7     0.01897   715.69662
      10.72     0.02164   781.84504
      10.74     0.02413   843.82827
      10.76      0.0265        900.
      10.78     0.02876        900.
       10.8     0.03085        900.
      10.82     0.03268        900.
      10.84     0.03418        900.
      10.86     0.03528        900.
      10.88     0.03606        900.
       10.9     0.03661        900.
      10.92     0.03703        900.
      10.94     0.03739        900.
      10.96     0.03764        900.
      10.98     0.03774        900.
        11.      0.0376   896.52353
      11.02      0.0372   886.58199
      11.04     0.03659   871.46661
      11.06     0.03586   853.45196
      11.08     0.03511   834.80734
       11.1      0.0344   817.06098
      11.12     0.03372   800.27565
      11.14     0.03306   783.78224
      11.16     0.03238   766.91161
      11.18     0.03166   748.99883
       11.2      0.0309   730.16257
      11.22     0.03018    712.0733
      11.24     0.02958   697.15417
      11.26     0.02916   686.81534
      11.28     0.02891   680.48589
       11.3     0.02875   676.60336
      11.32     0.02863   673.60063
      11.34     0.02848   669.91647
      11.36     0.02824   664.00597
      11.38     0.02786    654.3504
       11.4     0.02726   639.46697
      11.42     0.02639   617.91803
      11.44      0.0252   588.32029
      11.46     0.02363   549.35344
      11.48     0.02165   500.09627
       11.5     0.01925   440.35742
      11.52     0.01643   370.34186
      11.54     0.01321    290.3178
      11.56     0.00958   199.94337
      11.58     0.00546    97.60293
       11.6   8.403E-04   -17.29794
      11.62    -0.00418  -142.06435
      11.64    -0.00942  -272.36147
      11.66    -0.01471  -403.85982
      11.68    -0.01987  -532.26304
       11.7    -0.02474  -653.33531
      11.72    -0.02919  -763.92331
      11.74    -0.03317  -862.96225
      11.76     -0.0367       -900.
      11.78    -0.03974       -900.
       11.8    -0.04226       -900.
      11.82    -0.04418       -900.
      11.84    -0.04545       -900.
      11.86     -0.0461       -900.
      11.88    -0.04619       -900.
       11.9    -0.04576  -889.29688
      11.92    -0.04485  -866.80721
      11.94    -0.04349  -832.85571
      11.96    -0.04166  -787.45822
      11.98     -0.0394  -731.30992
        12.    -0.03679  -666.38314
      12.02    -0.03393  -595.29377
      12.04    -0.03093  -520.66905
      12.06     -0.0279  -445.19073
      12.08     -0.0249  -370.80348
       12.1    -0.02197  -297.81322
      12.12    -0.01907  -225.67218
      12.14    -0.01619  -154.23193
      12.16    -0.01337    -84.1487
      12.18    -0.01067   -16.92992
       12.2    -0.00813    46.13758
      12.22    -0.00574   105.57338
      12.24    -0.00348   161.78809
      12.26    -0.00139   213.71122
      12.28   5.112E-04   261.05407
       12.3     0.00224   304.13647
      12.32      0.0038   342.91967
      12.34     0.00521   377.89425
      12.36      0.0065   410.03866
      12.38     0.00772   440.34859
       12.4     0.00889   469.35038
      12.42     0.00999   496.62167
      12.44     0.01098   521.28129
      12.46     0.01185   542.92333
      12.48     0.01262   562.06047
       12.5     0.01333   579.66612
      12.52     0.01401   596.71775
      12.54     0.01469   613.55012
      12.56     0.01532   629.21839
      12.58     0.01584   642.15387
       12.6     0.01619   650.81815
      12.62     0.01633   654.26277
      12.64     0.01626   652.68052
      12.66     0.01603   646.84209
      12.68     0.01565   637.53379
       12.7     0.01516   625.17229
      12.72     0.01452   609.42513
      12.74     0.01373   589.59776
      12.76     0.01274   565.08311
      12.78     0.01155   535.42714
       12.8     0.01013   500.26621
      12.82     0.00848   459.26419
      12.84     0.00659   412.11321
      12.86     0.00446   359.29446
      12.88     0.00219   302.82782
       12.9  -1.150E-04   245.48514
      12.92    -0.00235   190.00545
      12.94    -0.00441   138.64861
      12.96    -0.00626    92.75599
      12.98    -0.00787    52.62708
        13.    -0.00929    17.40436
      13.02    -0.01057   -14.35911
      13.04    -0.01176    -44.1335
      13.06    -0.01294   -73.40265
      13.08     -0.0141  -102.26312
       13.1    -0.01514  -128.04368
      13.12    -0.01596  -148.41681
      13.14     -0.0166  -164.48105
      13.16    -0.01719  -179.04348
      13.18    -0.01777  -193.45815
       13.2    -0.01828  -206.18104
      13.22    -0.01861  -214.25173
      13.24    -0.01863  -214.77166
      13.26    -0.01829  -206.46879
      13.28    -0.01768  -191.23807
       13.3    -0.01693  -172.55253
      13.32    -0.01613  -152.64584
      13.34    -0.01527  -131.27532
      13.36    -0.01431  -107.46672
      13.38    -0.01326   -81.24823
       13.4    -0.01214   -53.38184
      13.42      -0.011   -25.09259
      13.44    -0.00989     2.43742
      13.46    -0.00886    28.11794
      13.48    -0.00797    50.24517
       13.5    -0.00731     66.7108
      13.52    -0.00695      75.472
      13.54    -0.00699    74.56451
      13.56    -0.00744    63.29556
      13.58    -0.00824    43.41789
       13.6    -0.00927    17.91682
      13.62     -0.0104   -10.19944
      13.64    -0.01151   -37.91885
      13.66    -0.01249   -62.24482
      13.68    -0.01327   -81.60824
       13.7     -0.0139   -97.25853
      13.72    -0.01449  -111.83792
      13.74    -0.01511  -127.30569
      13.76    -0.01579  -144.27797
      13.78    -0.01657  -163.70877
       13.8    -0.01746  -185.65001
      13.82    -0.01832  -207.11359
      13.84    -0.01907  -225.77996
      13.86    -0.01969  -241.13483
      13.88    -0.02015   -252.6802
       13.9    -0.02044   -259.9381
      13.92    -0.02058  -263.36082
      13.94    -0.02066  -265.22718
      13.96     -0.0208  -268.70625
      13.98    -0.02113  -276.92378
        14.    -0.02177  -292.94392
      14.02     -0.0228  -318.45304
      14.04    -0.02417   -352.4636
      14.06    -0.02578  -392.64318
      14.08    -0.02755  -436.64066
       14.1    -0.02938  -482.10249
      14.12    -0.03117  -526.68882
      14.14    -0.03284  -568.08935
      14.16    -0.03432  -604.95654
      14.18    -0.03564  -637.82458
       14.2    -0.03686  -668.17249
      14.22    -0.03804   -697.4895
      14.24     -0.0392  -726.28241
      14.26    -0.04028  -753.09715
      14.28    -0.04118  -775.52988
       14.3    -0.04185   -792.0559
      14.32    -0.04228  -802.85237
      14.34    -0.04251  -808.57419
      14.36    -0.04253  -809.13723
      14.38    -0.04233  -804.11353
       14.4    -0.04189  -793.12545
      14.42    -0.04119  -775.60309
      14.44    -0.04018  -750.54463
      14.46    -0.03882  -716.77037
      14.48    -0.03711  -674.39036
       14.5    -0.03517  -626.00629
      14.52     -0.0331  -574.62092
      14.54    -0.03097  -521.56381
      14.56    -0.02881  -468.02046
      14.58     -0.0267  -415.34644
       14.6     -0.0246  -363.16743
      14.62    -0.02245  -309.91107
      14.64    -0.02021  -254.02846
      14.66    -0.01779  -194.00277
      14.68    -0.01522  -130.06159
       14.7    -0.01264   -65.86344
      14.72    -0.01019     -5.0236
      14.74    -0.00788    52.32999
      14.76    -0.00565   107.81211
      14.78    -0.00348   161.79299
       14.8    -0.00146   212.16157
      14.82   2.921E-04   255.60785
      14.84     0.00167   289.94006
      14.86     0.00269   315.12832
      14.88     0.00337    332.2477
       14.9     0.00378   342.42316
      14.92     0.00396   346.82226
      14.94     0.00395   346.64767
      14.96     0.00381   343.12936
      14.98     0.00356     336.872
        15.     0.00317   327.21175
      15.02      0.0026   312.87617
      15.04     0.00181    293.3677
      15.06   8.583E-04   269.68505
      15.08  -1.917E-04   243.57814
       15.1    -0.00127   216.80488
      15.12    -0.00234   190.26797
      15.14    -0.00343   163.16453
      15.16     -0.0046   133.85714
      15.18     -0.0059   101.53821
       15.2    -0.00729    67.02303
      15.22    -0.00874    31.13182
      15.24    -0.01027    -6.91377
      15.26    -0.01195   -48.66999
      15.28    -0.01381   -94.90932
       15.3    -0.01582  -144.87941
      15.32    -0.01794  -197.63022
      15.34    -0.02018  -253.33088
      15.36    -0.02257  -312.69502
      15.38    -0.02509  -375.52432
       15.4    -0.02768  -439.83479
      15.42    -0.03021  -502.76938
      15.44    -0.03257  -561.50824
      15.46    -0.03466   -613.2869
      15.48     -0.0364  -656.57474
       15.5    -0.03783    -692.235
      15.52    -0.03904  -722.33827
      15.54    -0.04008  -748.14054
      15.56    -0.04093  -769.24474
      15.58    -0.04154  -784.45566
       15.6    -0.04187  -792.63264
      15.62    -0.04187  -792.69636
      15.64    -0.04153  -784.24729
      15.66    -0.04089   -768.1742
      15.68       -0.04  -746.02478
       15.7    -0.03892   -719.3777
      15.72    -0.03771  -689.20587
      15.74    -0.03634  -655.24907
      15.76    -0.03479  -616.65193
      15.78    -0.03302  -572.60017
       15.8    -0.03103  -523.02661
      15.82    -0.02887   -469.3064
      15.84    -0.02661  -413.17614
      15.86    -0.02431  -356.11286
      15.88    -0.02206  -300.13595
       15.9     -0.0199  -246.44864
      15.92    -0.01778  -193.73902
      15.94     -0.0156  -139.45435
      15.96    -0.01325    -81.0727
      15.98    -0.01069   -17.47259
        16.    -0.00799    49.71861
      16.02    -0.00526    117.5142
      16.04    -0.00263   182.95401
      16.06  -1.598E-04   244.37198
      16.08     0.00215    301.8821
       16.1      0.0043    355.3518
      16.12     0.00626   403.91914
      16.14     0.00799   447.08126
      16.16     0.00952   485.00891
      16.18     0.01086   518.22546
       16.2     0.01201   547.04531
      16.22     0.01299   571.33301
      16.24      0.0138   591.34368
      16.26     0.01449   608.55352
      16.28     0.01512   624.35382
       16.3      0.0157   638.67385
      16.32     0.01618   650.60143
      16.34     0.01652   659.16958
      16.36      0.0167   663.44581
      16.38     0.01669   663.28959
       16.4     0.01656   660.09837
      16.42     0.01638   655.50634
      16.44     0.01616   650.09281
      16.46     0.01591   643.91326
      16.48     0.01563   636.91258
       16.5      0.0153   628.80952
      16.52     0.01492   619.23468
      16.54     0.01446   607.86769
      16.56     0.01392    594.4196
      16.58     0.01331   579.19869
       16.6     0.01263   562.46835
      16.62     0.01184    542.6439
      16.64      0.0108   516.95255
      16.66     0.00947   483.86774
      16.68     0.00788   444.29602
       16.7     0.00611   400.36063
      16.72     0.00426   354.18793
      16.74      0.0024   307.89296
      16.76   5.967E-04    263.1805
      16.78     -0.0011   220.95253
       16.8    -0.00268   181.69428
      16.82    -0.00413   145.68786
      16.84    -0.00546   112.59629
      16.86    -0.00671    81.39893
      16.88    -0.00792     51.5382
       16.9    -0.00903    23.88148
      16.92    -0.00999    -0.01597
      16.94    -0.01074   -18.64551
      16.96    -0.01122    -30.5538
      16.98    -0.01139   -34.93291
        17.    -0.01128   -32.20043
      17.02    -0.01093   -23.40419
      17.04     -0.0104   -10.09893
      17.06    -0.00972     6.76191
      17.08    -0.00887    27.90255
       17.1    -0.00783    53.65375
      17.12    -0.00664    83.35038
      17.14     -0.0053   116.50679
      17.16    -0.00383    153.0216
      17.18    -0.00223    192.9735
       17.2  -4.797E-04   236.41782
      17.22      0.0014   283.19927
      17.24      0.0034   332.76737
      17.26     0.00547   384.37229
      17.28      0.0076   437.26076
       17.3     0.00975   490.68211
      17.32     0.01187   543.50995
      17.34      0.0139   593.86948
      17.36     0.01573   639.54056
      17.38      0.0173   678.35915
       17.4      0.0185   708.23106
      17.42     0.01929   727.94636
      17.44     0.01969   737.98095
      17.46     0.01976   739.67753
      17.48     0.01955   734.42821
       17.5     0.01912    723.6651
      17.52     0.01852   708.85076
      17.54     0.01781   691.04403
      17.56     0.01698    670.4723
      17.58     0.01603   646.96141
       17.6     0.01496   620.36394
      17.62     0.01376   590.55945
      17.64     0.01243   557.49378
      17.66     0.01098   521.20519
      17.68     0.00939   481.77106
       17.7     0.00768   439.27934
      17.72     0.00586   394.12002
      17.74     0.00398   347.25995
      17.76     0.00208   299.95031
      17.78   1.878E-04   253.01495
       17.8    -0.00169   206.42862
      17.82    -0.00356   159.74342
      17.84    -0.00545    112.9174
      17.86    -0.00731    66.71429
      17.88    -0.00909    22.28748
       17.9    -0.01076   -19.23517
      17.92    -0.01229   -57.25545
      17.94     -0.0137   -92.20126
      17.96    -0.01502  -125.01893
      17.98    -0.01626  -155.99577
        18.    -0.01739  -184.09384
      18.02    -0.01834  -207.63939
      18.04    -0.01906   -225.6066
      18.06    -0.01957  -238.21516
      18.08     -0.0199  -246.32137
       18.1    -0.02007  -250.63314
      18.12    -0.02011  -251.52929
      18.14    -0.02001  -249.23701
      18.16     -0.0198  -244.00928
      18.18    -0.01949  -236.12293
       18.2    -0.01907  -225.87629
      18.22    -0.01858  -213.58672
      18.24    -0.01802  -199.58809
      18.26     -0.0174  -184.25119
      18.28    -0.01675  -168.00363
       18.3    -0.01607  -151.30294
      18.32     -0.0154  -134.61014
      18.34    -0.01475  -118.38628
      18.36    -0.01414  -103.08859
      18.38    -0.01358   -89.22722
       18.4     -0.0131   -77.42131
      18.42    -0.01272    -67.9665
      18.44    -0.01242   -60.40823
      18.46    -0.01216   -53.91767
      18.48    -0.01191    -47.6667
       18.5    -0.01163   -40.83247
      18.52    -0.01132   -33.03538
      18.54    -0.01099   -24.77078
      18.56    -0.01067   -16.96454
      18.58    -0.01039    -9.84714
       18.6    -0.01008    -2.27503
      18.62    -0.00968     7.56818
      18.64    -0.00916    20.63676
      18.66    -0.00853    36.18934
      18.68    -0.00787     52.6441
       18.7    -0.00724      68.432
      18.72    -0.00669    82.00733
      18.74    -0.00629    91.85761
      18.76    -0.00608    97.12403
      18.78    -0.00604    98.21273
       18.8    -0.00612    96.17007
      18.82    -0.00629    92.05898
      18.84    -0.00649     86.9471
      18.86    -0.00669    81.89507
      18.88    -0.00685    77.95452
       18.9    -0.00695    75.48427
      18.92    -0.00703    73.47185
      18.94    -0.00716    70.23393
      18.96    -0.00739    64.52229
      18.98    -0.00774    55.93479
        19.     -0.0082      44.503
      19.02    -0.00879    29.81413
      19.04    -0.00953      11.308
      19.06    -0.01041   -10.49444
      19.08    -0.01137   -34.29516
       19.1    -0.01235   -58.79198
      19.12    -0.01331   -82.68732
      19.14    -0.01421  -105.02853
      19.16    -0.01504  -125.54297
      19.18    -0.01579  -144.23083
       19.2    -0.01646  -160.95978
      19.22    -0.01705  -175.53909
      19.24    -0.01756  -188.30797
      19.26    -0.01806  -200.64352
      19.28    -0.01861  -214.42891
       19.3    -0.01927  -230.80015
      19.32    -0.02002  -249.42314
      19.34    -0.02082  -269.23181
      19.36    -0.02162   -289.1641
      19.38    -0.02238  -308.16916
       19.4    -0.02307  -325.21435
      19.42    -0.02364  -339.29171
      19.44    -0.02407  -350.12109
      19.46    -0.02442  -358.84224
      19.48    -0.02476  -367.29858
       19.5    -0.02517   -377.3228
      19.52    -0.02567  -389.98306
      19.54    -0.02627  -404.84066
      19.56    -0.02691  -420.70812
      19.58    -0.02754  -436.40563
       19.6    -0.02812  -450.76883
      19.62     -0.0286  -462.65596
      19.64    -0.02893  -470.95442
      19.66    -0.02909  -474.81297
      19.68    -0.02905  -473.87036
       19.7    -0.02881  -468.02802
      19.72    -0.02838  -457.22295
      19.74    -0.02774   -441.4269
      19.76    -0.02691  -420.77581
      19.78     -0.0259  -395.69753
       19.8    -0.02475  -366.90996
      19.82    -0.02348   -335.4178
      19.84    -0.02215  -302.36842
      19.86    -0.02081   -268.9079
      19.88    -0.01948  -235.84052
       19.9    -0.01817  -203.29315
      19.92    -0.01687  -171.05254
      19.94    -0.01558  -138.90205
      19.96     -0.0143  -107.09318
      19.98    -0.01308   -76.81031
        20.    -0.01199   -49.68411
      20.02    -0.01109   -27.30594
      20.04    -0.01044   -11.21767
      20.06    -0.01008    -2.35127
      20.08    -0.01001    -0.47678
       20.1    -0.01018     -4.7649
      20.12    -0.01057   -14.34909
      20.14    -0.01113   -28.29778
      20.16    -0.01182    -45.5873
      20.18    -0.01261   -65.14332
       20.2    -0.01344   -85.88164
      20.22    -0.01428  -106.71527
      20.24    -0.01508   -126.5618
      20.26     -0.0158  -144.35051
      20.28    -0.01641  -159.61263
       20.3    -0.01695  -173.06238
      20.32    -0.01747  -185.99922
      20.34    -0.01802  -199.71147
      20.36    -0.01866  -215.46868
      20.38    -0.01942   -234.5144
       20.4    -0.02034  -257.35185
      20.42    -0.02137  -283.04026
      20.44    -0.02245  -309.92112
      20.46    -0.02352  -336.34255
      20.48     -0.0245  -360.67002
       20.5    -0.02533  -381.29699
      20.52    -0.02597  -397.43017
      20.54    -0.02647  -409.86237
      20.56    -0.02689  -420.17916
      20.58    -0.02728  -429.96764
       20.6    -0.02772  -440.80657
      20.62    -0.02823  -453.49497
      20.64    -0.02878  -467.29225
      20.66    -0.02932   -480.6985
      20.68    -0.02979  -492.23265
       20.7    -0.03012  -500.44211
      20.72    -0.03026  -503.91189
      20.74    -0.03015  -501.27287
      20.76    -0.02975  -491.21014
      20.78    -0.02899  -472.47092
       20.8    -0.02788  -444.83586
      20.82    -0.02648  -410.07528
      20.84    -0.02491  -370.95609
      20.86    -0.02327   -330.2514
      20.88    -0.02168  -290.72245
       20.9    -0.02022  -254.24145
      20.92    -0.01888  -220.92801
      20.94    -0.01763  -190.02274
      20.96    -0.01646  -160.95499
      20.98    -0.01536  -133.54123
        21.    -0.01432  -107.78615
      21.02    -0.01334   -83.27867
      21.04    -0.01235   -58.79278
      21.06    -0.01133   -33.46319
      21.08    -0.01031    -7.94833
       21.1    -0.00933    16.34314
      21.12    -0.00846     38.0237
      21.14    -0.00775    55.73535
      21.16    -0.00722    68.73186
      21.18    -0.00687    77.45224
       21.2    -0.00665    82.93383
      21.22    -0.00652    86.22653
      21.24    -0.00643    88.38603
      21.26    -0.00635    90.46743
      21.28    -0.00623    93.38204
       21.3    -0.00606    97.75618
      21.32     -0.0058   104.06637
      21.34    -0.00545    112.7741
      21.36    -0.00499   124.32269
      21.38    -0.00441   138.66654
       21.4    -0.00376   154.80784
      21.42    -0.00309   171.61881
      21.44     -0.0024   188.65777
      21.46    -0.00171   205.82667
      21.48    -0.00102   222.88278
       21.5  -3.640E-04     239.295
      21.52   2.434E-04   254.39599
      21.54   7.851E-04   267.86302
      21.56     0.00128   280.04593
      21.58     0.00174   291.62997
       21.6     0.00221   303.29932
      21.62     0.00271   315.73286
      21.64     0.00326   329.32837
      21.66     0.00384   343.93049
      21.68     0.00446   359.10816
       21.7     0.00508   374.63707
      21.72     0.00573   390.70477
      21.74     0.00641   407.70026
      21.76     0.00715   426.00381
      21.78     0.00795   445.98437
       21.8     0.00883   467.99752
      21.82     0.00976   491.05075
      21.84     0.01058   511.48913
      21.86     0.01116   525.75497
      21.88     0.01145   533.12276
       21.9      0.0115    534.2982
      21.92     0.01133   530.01997
      21.94     0.01096   520.89362
      21.96     0.01041   507.22789
      21.98     0.00969   489.19568
        22.     0.00881    467.3415
      22.02     0.00783   442.92151
      22.04     0.00681   417.54226
      22.06     0.00581   392.79981
      22.08      0.0049   370.26926
       22.1     0.00412   350.72646
      22.12     0.00342   333.38114
      22.14     0.00275   316.66362
      22.16     0.00204   299.01035
      22.18     0.00123   278.87379
       22.2   2.825E-04    255.3686
      22.22  -7.818E-04   228.90831
      22.24    -0.00192   200.55457
      22.26     -0.0031   171.36755
      22.28    -0.00426   142.39882
       22.3    -0.00539   114.38725
      22.32    -0.00647    87.46004
      22.34    -0.00752    61.43457
      22.36    -0.00854    36.11932
      22.38    -0.00953    11.46005
       22.4    -0.01048   -12.31576
      22.42    -0.01139   -34.84755
      22.44    -0.01223   -55.79005
      22.46      -0.013   -74.81501
      22.48    -0.01368   -91.70271
       22.5    -0.01427  -106.43205
      22.52    -0.01477    -118.839
      22.54    -0.01515  -128.27918
      22.56    -0.01537  -133.88554
      22.58    -0.01541  -134.82533
       22.6    -0.01523  -130.30458
      22.62     -0.0148  -119.57235
      22.64    -0.01413  -102.95467
      22.66    -0.01332   -82.87271
      22.68    -0.01251   -62.77844
       22.7     -0.0118   -45.11609
      22.72    -0.01121   -30.33856
      22.74    -0.01071   -17.89829
      22.76    -0.01029    -7.39451
      22.78    -0.00994     1.26715
       22.8    -0.00967     8.03577
      22.82    -0.00946    13.07253
      22.84    -0.00931    16.94479
      22.86    -0.00917    20.42246
      22.88    -0.00901    24.27483
       22.9    -0.00881    29.26594
      22.92    -0.00853    36.14955
      22.94    -0.00817    45.29521
      22.96    -0.00772    56.32027
      22.98    -0.00723    68.67329
        23.    -0.00668    82.21346
      23.02    -0.00609    97.00316
      23.04    -0.00544   113.10081
      23.06    -0.00474   130.56041
      23.08    -0.00399   149.03493
       23.1    -0.00326   167.38562
      23.12    -0.00258   184.09244
      23.14    -0.00202   198.06734
      23.16    -0.00158   209.06139
      23.18    -0.00125   217.25448
       23.2    -0.00103     222.846
      23.22  -8.980E-04   226.01817
      23.24  -8.626E-04   226.89933
      23.26  -9.083E-04   225.76402
      23.28    -0.00101   223.23094
       23.3    -0.00114   220.08999
      23.32    -0.00126   217.12919
      23.34    -0.00134   215.12929
      23.36    -0.00135   214.85886
      23.38    -0.00127   216.68836
       23.4    -0.00113   220.20969
      23.42  -9.540E-04   224.62609
      23.44  -7.724E-04   229.14127
      23.46  -6.187E-04   232.96413
      23.48  -5.242E-04   235.31345
       23.5  -5.051E-04   235.78773
      23.52  -5.476E-04   234.72947
      23.54  -6.232E-04   232.85087
      23.56  -7.033E-04   230.86049
      23.58  -7.597E-04   229.45849
       23.6  -7.963E-04   228.54782
      23.62  -8.804E-04   226.45717
      23.64    -0.00107   221.64931
      23.66    -0.00136   214.41403
      23.68    -0.00171   205.95008
       23.7    -0.00205   197.44934
      23.72    -0.00237   189.51486
      23.74    -0.00269   181.58765
      23.76    -0.00305   172.53475
      23.78     -0.0035   161.23601
       23.8    -0.00409   146.59098
      23.82    -0.00483   128.32476
      23.84    -0.00565   107.78165
      23.86    -0.00649    87.10338
      23.88    -0.00724    68.40943
       23.9    -0.00786    52.94166
      23.92    -0.00837    40.22178
      23.94    -0.00883    28.91178
      23.96    -0.00928     17.6727
      23.98    -0.00978     5.17376
        24.    -0.01036    -9.29077
      24.02      -0.011   -25.19426
      24.04    -0.01165   -41.39978
      24.06    -0.01227   -56.78053
      24.08    -0.01281   -70.22658
       24.1    -0.01323   -80.65144
      24.12    -0.01349   -86.99829
      24.14    -0.01354   -88.24599
      24.16    -0.01339   -84.61921
      24.18    -0.01316   -78.77983
       24.2    -0.01299   -74.58391
      24.22    -0.01304   -75.84225
      24.24     -0.0134     -84.707
      24.26    -0.01401  -100.08278
      24.28    -0.01479  -119.25092
       24.3     -0.0156  -139.48997
      24.32    -0.01635  -158.09271
      24.34    -0.01692   -172.3832
      24.36    -0.01722  -179.73312
      24.38    -0.01723  -179.94744
       24.4    -0.01713  -177.61416
      24.42    -0.01714  -177.77136
      24.44    -0.01729  -181.60916
      24.46    -0.01757  -188.38751
      24.48    -0.01793  -197.34939
       24.5    -0.01834  -207.72566
      24.52    -0.01881  -219.42847
      24.54    -0.01939  -233.73406
      24.56    -0.02013    -252.016
      24.58    -0.02103  -274.48869
       24.6    -0.02209   -300.7748
      24.62    -0.02329  -330.60496
      24.64    -0.02463  -363.95221
      24.66     -0.0261  -400.46828
      24.68    -0.02764   -438.9267
       24.7     -0.0292  -477.66794
      24.72    -0.03071  -515.04324
      24.74    -0.03209   -549.4252
      24.76     -0.0333  -579.53388
      24.78    -0.03431  -604.75766
       24.8    -0.03512    -624.836
      24.82    -0.03571  -639.54288
      24.84    -0.03608  -648.54897
      24.86    -0.03619  -651.28561
      24.88    -0.03602  -647.08966
       24.9    -0.03554  -635.34784
      24.92    -0.03475  -615.50054
      24.94    -0.03364  -588.07076
      24.96    -0.03234  -555.67677
      24.98    -0.03098  -521.97122
        25.    -0.02968  -489.52804
      25.02    -0.02844  -458.78009
      25.04    -0.02725  -429.09025
      25.06    -0.02607  -399.82017
      25.08    -0.02491  -370.92484
       25.1    -0.02381  -343.53824
      25.12    -0.02283   -319.3653
      25.14    -0.02203  -299.40179
      25.16    -0.02138  -283.26039
      25.18    -0.02084  -269.85937
       25.2    -0.02037  -258.10941
      25.22    -0.01992  -246.92049
      25.24    -0.01945  -235.30495
      25.26    -0.01894  -222.47876
      25.28    -0.01835  -207.76873
       25.3    -0.01765  -190.52023
      25.32    -0.01683  -170.10109
      25.34    -0.01586  -145.90509
      25.36    -0.01471  -117.35543
      25.38    -0.01336   -83.90825
       25.4    -0.01187   -46.75105
      25.42    -0.01041   -10.47546
      25.44    -0.00917    20.44876
      25.46    -0.00817    45.16821
      25.48    -0.00739    64.64842
       25.5     -0.0068    79.40827
      25.52    -0.00641    89.04862
      25.54    -0.00626     92.7349
      25.56    -0.00638    89.67763
      25.58    -0.00681     79.1367
       25.6    -0.00753    61.19723
      25.62    -0.00848     37.5333
      25.64    -0.00956    10.61144
      25.66    -0.01068   -17.10381
      25.68    -0.01173   -43.16561
       25.7    -0.01261   -65.16055
      25.72    -0.01324   -80.72394
      25.74    -0.01351   -87.55429
      25.76    -0.01341   -85.10143
      25.78    -0.01306   -76.22859
       25.8    -0.01262   -65.49018
      25.82     -0.0123   -57.41374
      25.84     -0.0122    -54.9073
      25.86    -0.01231   -57.69122
      25.88    -0.01256    -63.8919
       25.9    -0.01287   -71.63124
      25.92    -0.01317    -79.0386
      25.94    -0.01338   -84.26286
      25.96    -0.01349    -86.9915
      25.98    -0.01361   -89.94634
        26.     -0.0139   -97.33204
      26.02    -0.01449  -111.85374
      26.04    -0.01535  -133.27748
      26.06    -0.01642  -159.89272
      26.08    -0.01763  -189.97167
       26.1    -0.01891   -221.7804
      26.12    -0.02019  -253.59007
      26.14     -0.0214  -283.68782
      26.16    -0.02247  -310.38759
      26.18    -0.02334  -332.04051
       26.2    -0.02395  -347.04501
      26.22    -0.02422  -353.85635
      26.24    -0.02411  -350.99578
      26.26    -0.02358  -337.80625
      26.28    -0.02267  -315.19628
       26.3    -0.02145   -284.8729
      26.32    -0.01999  -248.57628
      26.34    -0.01835  -207.87406
      26.36    -0.01658  -163.95834
      26.38    -0.01473  -117.83482
       26.4    -0.01283   -70.51125
      26.42    -0.01091   -22.88655
      26.44    -0.00901    24.35828
      26.46    -0.00715    70.65887
      26.48    -0.00534   115.46634
       26.5    -0.00362     158.251
      26.52      -0.002   198.50571
      26.54  -5.014E-04   235.87817
      26.56   8.831E-04   270.30092
      26.58     0.00215   301.86032
       26.6     0.00331   330.66574
      26.62     0.00436   356.84859
      26.64     0.00531   380.25129
      26.66      0.0061   400.12055
      26.68     0.00672   415.42685
       26.7     0.00711    425.1833
      26.72     0.00724   428.45135
      26.74      0.0071   424.82781
      26.76      0.0067   414.92426
      26.78     0.00609   399.87176
       26.8     0.00533   380.82664
      26.82     0.00445   358.96227
      26.84      0.0035   335.30839
      26.86      0.0025   310.59281
      26.88     0.00149    285.3913
       26.9   4.799E-04   260.27681
      26.92  -5.040E-04    235.8154
      26.94    -0.00145   212.23778
      26.96    -0.00238   189.11532
      26.98    -0.00332   165.69246
        27.    -0.00431   141.21854
      27.02    -0.00535   115.35671
      27.04    -0.00643     88.5864
      27.06     -0.0075    61.78784
      27.08    -0.00855    35.82821
       27.1    -0.00952    11.55602
      27.12     -0.0104   -10.20459
      27.14    -0.01115   -28.93959
      27.16    -0.01179   -44.72639
      27.18    -0.01232   -57.94776
       27.2    -0.01275   -68.75527
      27.22    -0.01308   -76.81969
      27.24    -0.01327   -81.58789
      27.26    -0.01332   -82.76732
      27.28    -0.01323   -80.55367
       27.3    -0.01302   -75.39703
      27.32    -0.01271   -67.53572
      27.34    -0.01227   -56.76379
      27.36    -0.01171   -42.66865
      27.38    -0.01099    -24.8674
       27.4    -0.01011    -3.00833
      27.42    -0.00907    22.93419
      27.44    -0.00788    52.36971
      27.46    -0.00659    84.39472
      27.48    -0.00524   118.09489
       27.5    -0.00385   152.55197
      27.52    -0.00247   186.85037
      27.54    -0.00112    220.3827
      27.56   1.933E-04    253.1508
      27.58     0.00149   285.46163
       27.6     0.00279   317.59692
      27.62     0.00408   349.78483
      27.64     0.00539    382.2267
      27.66     0.00671   415.12389
      27.68     0.00806   448.67697
       27.7     0.00943   482.80986
      27.72      0.0108   516.89782
      27.74     0.01214   550.05181
      27.76      0.0134   581.40227
      27.78     0.01455   610.10478
       27.8     0.01556   635.24851
      27.82     0.01639   655.76601
      27.84     0.01698   670.53811
      27.86     0.01732   679.00448
      27.88     0.01743   681.66836
       27.9     0.01735   679.57774
      27.92     0.01711   673.80731
      27.94     0.01678   665.45119
      27.96     0.01636   655.19816
      27.98     0.01587   642.91267
        28.     0.01527   628.05991
      28.02     0.01455   610.13002
      28.04     0.01369    588.6406
      28.06     0.01266   563.13916
      28.08     0.01146    533.2049
       28.1     0.01008   498.88795
      28.12     0.00856   461.14227
      28.14     0.00696   421.37338
      28.16     0.00534   380.98685
      28.18     0.00374   341.37874
       28.2     0.00221   303.40703
      28.22   7.452E-04   266.87108
      28.24  -6.960E-04   231.04064
      28.26    -0.00214   195.18369
      28.28    -0.00361   158.57044
       28.3    -0.00513   120.87522
      28.32    -0.00667     82.5722
      28.34     -0.0082    44.52716
      28.36    -0.00968     7.59032
      28.38     -0.0111   -27.52079
       28.4    -0.01242   -60.33664
      28.42    -0.01363   -90.52523
      28.44    -0.01473  -117.78172
      28.46    -0.01569  -141.77598
      28.48    -0.01651  -162.10067
       28.5    -0.01717  -178.54492
      28.52    -0.01769  -191.36444
      28.54    -0.01808   -201.0598
      28.56    -0.01835  -207.85488
      28.58    -0.01849  -211.39788
       28.6    -0.01848  -211.06796
      28.62    -0.01829  -206.28071
      28.64    -0.01789  -196.49111
      28.66    -0.01729  -181.62735
      28.68    -0.01653  -162.51792
       28.7    -0.01564  -140.44652
      28.72    -0.01468  -116.70804
      28.74    -0.01371   -92.59954
      28.76    -0.01278   -69.41132
      28.78    -0.01192   -48.01659
       28.8    -0.01113   -28.46726
      28.82    -0.01041   -10.40162
      28.84    -0.00973     6.54878
      28.86    -0.00907    22.75721
      28.88    -0.00844    38.59964
       28.9     -0.0078    54.45302
      28.92    -0.00715    70.53134
      28.94     -0.0065    86.72376
      28.96    -0.00586   102.76061
      28.98    -0.00523   118.37966
        29.    -0.00462   133.45245
      29.02    -0.00403   148.10805
      29.04    -0.00345   162.60625
      29.06    -0.00286   177.21124
      29.08    -0.00226   192.19012
       29.1    -0.00164    207.5719
      29.12    -0.00102   222.90995
      29.14  -4.351E-04   237.52879
      29.16   6.842E-05   250.04616
      29.18   4.298E-04   259.03103
       29.2   6.537E-04   264.59743
      29.22   7.600E-04   267.24038
      29.24   7.491E-04   266.96868
      29.26   6.223E-04   263.81586
      29.28   3.819E-04   257.83958
       29.3   3.119E-05   249.12047
      29.32  -4.257E-04   237.76116
      29.34  -9.838E-04   223.88527
      29.36    -0.00164   207.63559
      29.38    -0.00238   189.17269
       29.4     -0.0032   168.67344
      29.42     -0.0041   146.32881
      29.44    -0.00507   122.34214
      29.46    -0.00609    96.92733
      29.48    -0.00716    70.30662
       29.5    -0.00827    42.70852
      29.52    -0.00941    14.36544
      29.54    -0.01057   -14.48816
      29.56    -0.01174   -43.61774
      29.58    -0.01292    -72.7911
       29.6    -0.01408  -101.78017
      29.62    -0.01523  -130.36285
      29.64    -0.01636  -158.32516
      29.66    -0.01745  -185.46286
      29.68     -0.0185  -211.58286
       29.7     -0.0195  -236.50518
      29.72    -0.02045  -260.06403
      29.74    -0.02134  -282.10895
      29.76    -0.02216  -302.50618
      29.78    -0.02291   -321.1394
       29.8    -0.02358  -337.91023
      29.82    -0.02418  -352.73921
      29.84    -0.02469  -365.56594
      29.86    -0.02513  -376.34908
      29.88    -0.02548  -385.06676
       29.9    -0.02574  -391.71623
      29.92    -0.02593  -396.31329
      29.94    -0.02603  -398.89225
      29.96    -0.02606  -399.50497
      29.98    -0.02601  -398.21996
        30.    -0.02588  -395.12174
      30.02    -0.02569  -390.30958
      30.04    -0.02543  -383.89613
      30.06    -0.02511  -376.00645
      30.08    -0.02474  -366.77644
       30.1    -0.02432  -356.35117
      30.12    -0.02386  -344.88369
      30.14    -0.02336  -332.53327
      30.16    -0.02284  -319.46357
      30.18    -0.02229  -305.84134
       30.2    -0.02173  -291.83466
      30.22    -0.02116    -277.611
      30.24    -0.02058  -263.33609
      30.26    -0.02001  -249.17209
      30.28    -0.01945  -235.27592
       30.3    -0.01891  -221.79818
      30.32    -0.01839  -208.88158
      30.34     -0.0179  -196.65952
      30.36    -0.01744  -185.25525
      30.38    -0.01702  -174.78067
       30.4    -0.01664  -165.33517
      30.42     -0.0163  -157.00522
      30.44    -0.01602  -149.86348
      30.46    -0.01578  -143.96814
      30.48    -0.01559  -139.36282
       30.5    -0.01546  -136.07621
      30.52    -0.01538  -134.12175
      30.54    -0.01536  -133.49802
      30.56    -0.01539  -134.18877
      30.58    -0.01547  -136.16305
       30.6     -0.0156  -139.37604
      30.62    -0.01577  -143.76942
      30.64    -0.01599  -149.27192
      30.66    -0.01626  -155.80033
      30.68    -0.01656   -163.2604
       30.7    -0.01689  -171.54807
      30.72    -0.01725  -180.55035
      30.74    -0.01764  -190.14637
      30.76    -0.01804  -200.20895
      30.78    -0.01846  -210.60572
       30.8    -0.01889  -221.20025
      30.82    -0.01931   -231.8538
      30.84    -0.01974  -242.42648
      30.86    -0.02016  -252.77842
      30.88    -0.02056  -262.77153
       30.9    -0.02094  -272.27062
      30.92     -0.0213  -281.14447
      30.94    -0.02162  -289.26753
      30.96    -0.02192   -296.5208
      30.98    -0.02217  -302.79288
        31.    -0.02238  -307.98126
      31.02    -0.02254  -311.99314
      31.04    -0.02265  -314.74609
      31.06    -0.02271  -316.16915
      31.08    -0.02271  -316.20326
       31.1    -0.02265  -314.80163
      31.12    -0.02254  -311.93049
      31.14    -0.02236  -307.56921
      31.16    -0.02212  -301.71024
      31.18    -0.02183  -294.36063
       31.2    -0.02147  -285.54302
      31.22    -0.02106  -275.29411
      31.24    -0.02059  -263.66321
      31.26    -0.02007  -250.71177
      31.28     -0.0195  -236.51281
       31.3    -0.01888  -221.15026
      31.32    -0.01822  -204.71818
      31.34    -0.01752   -187.3199
      31.36    -0.01679  -169.06708
      31.38    -0.01603  -150.07876
       31.4    -0.01524   -130.4802
      31.42    -0.01443  -110.40186
      31.44    -0.01361   -89.97818
      31.46    -0.01278   -69.34642
      31.48    -0.01195   -48.64547
       31.5    -0.01112   -28.01459
      31.52    -0.01029    -7.59226
      31.54    -0.00949    12.48505
      31.56     -0.0087    32.08407
      31.58    -0.00793    51.07581
       31.6     -0.0072    69.33671
      31.62     -0.0065    86.74965
      31.64    -0.00584   103.20492
      31.66    -0.00522   118.60116
      31.68    -0.00465   132.84618
       31.7    -0.00412   145.85768
      31.72    -0.00365   157.56391
      31.74    -0.00324   167.90427
      31.76    -0.00288   176.82973
      31.78    -0.00258   184.30318
       31.8    -0.00233    190.2997
      31.82    -0.00215   194.80671
      31.84    -0.00203     197.824
      31.86    -0.00197   199.36364
      31.88    -0.00197   199.44982
       31.9    -0.00202   198.11857
      31.92    -0.00213   195.41741
      31.94    -0.00229    191.4048
      31.96     -0.0025   186.14965
      31.98    -0.00276   179.73064
        32.    -0.00306   172.23548
